n=int(input())
a=list(map(int,input().split()))
k=int(input())
x,y=1,0
for i in range(k):
    for j in range(x):
        print(a[y],end=" ")
        if(y==len(a)-1): y=0
        else: y+=1
    print()
    x+=1

Output:-
10
83 79 78 66 63 61 54 46 43 16
13
83
79 78
66 63 61
54 46 43 16
83 79 78 66 63
61 54 46 43 16 83
79 78 66 63 61 54 46
43 16 83 79 78 66 63 61
54 46 43 16 83 79 78 66 63
61 54 46 43 16 83 79 78 66 63
61 54 46 43 16 83 79 78 66 63 61
54 46 43 16 83 79 78 66 63 61 54 46
43 16 83 79 78 66 63 61 54 46 43 16 83

3
1 2 3
10
1
2 3
1 2 3
1 2 3 1
2 3 1 2 3
1 2 3 1 2 3
1 2 3 1 2 3 1
2 3 1 2 3 1 2 3
1 2 3 1 2 3 1 2 3
1 2 3 1 2 3 1 2 3 1